"TMLE3O1","TMLE3O2","TMLE3O3"
2.68347046628017,2.75002009501153,2.69229453920817
2.86136059431719,2.88307545112256,2.85391793148303
3.04181592370453,2.95483398490318,3.00205963574384
3.3428112292678,3.39507648664208,3.49471077355826
3.0665445475234,3.14931473491008,3.11420592846898
3.218251476908,3.03292952345763,3.10958107283447
3.38797967928975,3.10466445042127,3.10035064651732
3.19032510608217,3.17839118049392,3.25097068382135
2.96557715372641,2.88919472370691,2.82094517731117
3.39668937061452,2.9969410117244,3.08519163142787
2.89905665237764,3.18666344230856,3.19758345924406
3.08824539390385,3.3746431819951,3.49414115508245
3.25821154442795,2.94001855416549,2.96867570508482
3.00196823687677,2.85081289392491,2.81393931164526
2.73520530354485,2.64604462551187,2.60239557555594
3.08502586056882,2.77219000153933,2.75912753693994
2.54967065839106,2.80217886031622,2.74559396125938
3.57160885830932,3.63431409756685,3.79663747481914
2.856251654365,3.10207944680572,2.99803401125454
2.88735457369057,2.8535370845747,2.82997343658977
2.95192990048708,2.76350942776249,2.73058049251819
2.8778518700992,3.60562228497246,3.66983981441572
3.10604104787818,3.16356326999933,3.11536007096121
3.28834893230064,2.83822367174478,2.90607707580927
3.21782956172201,3.24690136010188,3.22891321824507
3.46518589378514,3.43498805797371,3.4988007930279
2.99959335616532,2.72038690515962,2.72145060886361
3.1707481150013,2.95344152179418,2.98806982338136
2.95260835528002,2.90595683857813,2.87732691341137
3.06327216811707,2.95041648734277,2.96625864266045
3.01289263878027,2.79688811243019,2.74752740350685
3.37522809796271,3.17102479630613,3.20549326083425
3.2538489288151,2.80093996192639,2.82732697198235
3.1774638344113,3.03599049652841,3.07793093379232
3.2772283550988,3.18466359671789,3.19839392000133
2.7537916005907,3.46397355362011,3.59007129772834
3.10597674971577,2.8432778713166,2.79193379977045
2.90863786780405,2.82773225613193,2.85315514766255
3.14383413104871,3.0371942914947,3.01945238204132
3.00711101184473,2.93398748223949,2.89958918812576
2.77502162603411,2.88392821896882,2.86660883361939
2.88856538103264,2.92994430638617,2.91802347997827
2.83416042470059,2.73773766670882,2.72270926563341
3.06802369898927,3.09056209365589,3.11546538958658
2.78664311184683,2.67453494775423,2.65229261624976
3.10267787378446,2.88499039034373,2.85461273085209
3.42374101319687,3.38957208542639,3.37409636524528
3.09443540829239,2.83842996229943,2.82686088489976
2.9118680756338,3.2647684334986,3.20137155155506
3.030356705908,2.81374692369778,2.82140359504038
3.25034900249984,3.13968918270342,3.08642640591531
2.91024540420366,3.1473969627433,3.17593543224866
3.11847383015298,2.62701716274322,2.64048511931659
2.95112825550185,3.10061539798533,3.09998645982709
2.909984297705,2.75081500905038,2.73971766351464
3.12386023582432,2.93766022618594,3.00613983508647
2.79860791876061,2.67583423816667,2.67318330125722
3.0719335819199,2.97185922633029,2.89931373369012
2.70591625259685,2.68537353688275,2.69741193085058
3.13547330267317,3.15687852934962,3.14569375073788
3.14719229423398,2.80957173733009,2.80165914072171
2.88233081959938,2.93845987706421,2.82018212237447
2.99818909778234,2.96678822039794,2.97455836815218
3.01522356272074,2.7802047336127,2.80912353435605
2.75135220020441,2.91548083989527,2.88487192527393
3.1671311646457,2.93431129634264,2.94229726375489
3.14868619421904,2.67176457473785,2.76008243493636
3.12914607462489,2.99420058004708,3.04582969733185
2.74660660775921,2.77037422360114,2.77311160289189
2.84694800293439,2.76289011449998,2.73263701877496
2.9161026976865,2.90252388536849,2.86401814812413
3.17289738590123,3.35114977275824,3.3244016824281
2.99738996225654,2.61526584889213,2.62848514479702
2.63708537756773,2.88794883108811,2.82408829259749
2.93948038236917,2.73971347926458,2.74640116104296
3.46856524983031,3.17174860313711,3.24701277002819
2.8173372685943,2.75945848571985,2.75592789536936
3.06335751060825,2.87122560774303,2.85498890140748
3.17850714998842,3.18535738314295,3.16608137928892
3.04253520514623,3.15351072030647,3.10434289635718
2.89573791603288,2.82859562720957,2.80087831720577
2.89223671903112,2.84439257535997,2.82118666612529
2.83273494090866,2.67979016342087,2.69113490257504
2.99150270968475,3.04149184794969,3.04400335628107
2.93661853422262,2.80243066038957,2.82483892593003
2.89193758741785,2.78160529673572,2.76491773646049
3.07437762680377,3.39987182708561,3.40434059786664
2.98300565588516,3.30889467407552,3.39606956575486
3.0820200589087,2.83668342714226,2.88218128039968
3.06789040975935,3.16289298328218,3.15805396886561
2.99522604986,2.87100027307667,2.79292932877222
2.77539229635344,2.76575413433551,2.70683916069713
3.10343699941199,2.9850414174288,3.03293439660649
2.91067513340474,2.90822192700829,2.87198680345652
2.98606764286534,3.66025115308697,3.72285796772976
2.79728785044713,2.86254493500839,2.83986778540285
3.07285967254567,2.92593000375266,2.90191847110788
2.88230860652437,2.67078507773107,2.66795323848861
3.17409652373214,2.98702284779773,3.04894848174342
3.07479566478947,2.87142652363163,2.84370107648304
3.14047532581282,2.9841165830212,3.00410753329764
2.92296831148626,3.1526069360308,3.16840910544723
3.02068092110011,3.23595941152045,3.249430109176
2.81197034624185,2.67015956967145,2.62183912290134
2.73045617396397,3.0555592704076,3.09350637071344
3.05055176767309,3.15939196233344,3.13908841903173
2.90441882617103,3.2033022377331,3.23260134468416
3.00873970319957,2.87267038796187,2.82458240717218
3.05393924170883,2.94133035145263,2.90857237053111
3.20368192025705,2.93911617844658,2.94825474435171
2.9299035459498,3.05712741196483,3.07678688481706
2.72441455046016,3.07378323452646,3.12966094473234
3.02291640081393,2.85250742194169,2.8135909755963
2.93110209063925,2.90559978734371,2.84666616483631
3.18192685691213,3.06387678813146,3.10347236089077
3.10467935273936,3.26206924443069,3.23777722085515
3.25667186487069,3.45909742092885,3.52094496065579
3.13656190896894,3.28482748688068,3.29253627839418
2.68940976139337,3.23813707176161,3.2328835209563
3.2030486304114,3.06963182937172,3.1043269580403
2.96757674692651,3.22166785207209,3.17930330079744
3.24106920075939,3.12486366205382,3.15686019751794
2.85263822484552,2.9004408191859,2.90401408948048
2.55159515291536,2.72476865069152,2.62491569814741
2.68481990042395,2.89024749781731,2.81882418970512
3.12572021508088,2.79527969557038,2.79780379203435
2.93669848832248,2.8073721209969,2.84509025510743
2.97844068725297,2.97943590140916,2.91414419336581
2.98322582788093,3.14900566819557,3.11572679729161
2.91067386948608,2.8486157601893,2.76087308211441
3.09720817404858,2.7506057495887,2.76915767859195
2.90959331775166,3.26494974398713,3.17099036314025
3.08101314967521,2.96392226870243,2.9970245735287
2.81680677902041,3.35019075765068,3.39516778473534
3.23740889686356,3.40135183985979,3.41745491065534
3.48391557100476,3.10700455921911,3.18020736431152
2.9773810489194,2.64769215000224,2.6460175270364
3.0614651585612,3.01001294552257,2.93704895890301
2.95892564291209,3.18010753512499,3.17754995388137
3.18863558963049,2.79724515691802,2.86372420313586
2.91878948204131,3.14273640703161,3.10803507446439
3.01621953063523,2.91423245011561,2.875810345513
3.11589543247631,2.86266019735175,2.95589654976406
3.23937710693856,3.06021628840182,3.06953836733672
3.14231659449439,3.90211936192263,3.99834447338124
3.09271481866987,3.0451403908506,3.03207797579073
3.30524926093927,3.09015682440549,3.07022411589029
2.98065235352932,2.87956348825677,2.85428176728101
3.07667235948905,3.22228396589971,3.23397600205312
3.03883849107488,3.02232917227285,3.04491946203216
3.50988268066492,3.53612838882967,3.72018766148044
3.30696951903669,3.19520622430488,3.19671099767179
2.82569896054916,2.82300570482603,2.85446744399256
3.16774158442689,2.98805754420524,3.02830660137216
2.94806027650471,3.21757430523481,3.23174981096882
3.14007466923333,2.89744660510964,2.9315181346608
2.9013472428005,2.80427498517141,2.75094908587393
3.18794776999504,2.91486486938932,2.90257222998885
2.52857439399509,2.73975892610354,2.66015410467653
3.01747208634453,3.19290545288643,3.18655694183559
3.33636648351367,3.03693955148662,3.10384193194629
3.12341613978051,2.90316599828488,2.94007917397449
3.20804423054499,3.36654745959488,3.40968135380171
2.75639151984711,2.63414851247173,2.61009003873571
2.70226050211438,2.77547041720708,2.71756489424251
3.04711913966991,2.73620541189439,2.78782441069171
3.18169240851758,3.1013312033829,3.05443592090263
3.26976455070739,2.94848986696847,3.01342078835574
2.85931569403077,3.00010435501836,3.02023272675112
2.78565618730291,3.02493851967089,3.01951782505068
3.45654146135552,2.84923220173996,2.96609999102367
3.02728751043564,3.08267205232489,3.13878359328379
3.1088104357761,2.53671824656521,2.54150000873589
2.75678541104676,3.26486068289382,3.19345300694364
3.0389089933896,2.90805486724355,2.94100082535975
3.06621386778634,2.95811972561227,2.97789931837058
3.10282466402039,3.08903881763708,3.09940272399449
3.04931567392791,2.89048009952578,2.89439152504346
2.95008551406465,2.91847689043445,2.89665459504989
3.34854311413053,3.46472776399232,3.41991420431923
3.08494204944112,2.83616816924118,2.78634058149663
3.09538438777858,3.03984734836955,3.03019810292787
3.17955418626329,2.8160197537007,2.88420672046507
3.01242866827875,3.61739500058028,3.71650041556162
3.19900411582066,3.01136451251993,3.00469861718337
3.35932455170635,3.12517789904185,3.0652589138804
2.98638969560311,3.05872001804418,3.08295767709733
3.25345766954628,3.15395122534199,3.2419447346597
3.01290834512878,3.18080700773896,3.14147831739786
2.92371586770628,2.9782426477286,2.95760705543216
3.15978044876591,3.17378806426013,3.24804202469705
2.85473478329898,2.70955294649312,2.76550508492277
2.76216866136401,2.68621082925278,2.72845529302616
3.00662809688979,2.97393572736641,3.03218811677305
3.22100062872729,2.9051455960874,2.97959374151854
2.82295364783889,3.0374142296745,3.03278336770896
2.93064725706997,2.89981811510119,2.86969287545555
3.0424011253547,3.07111555612149,3.12861781747164
2.96213900417869,3.09978080657871,3.09805307294227
3.19705907721424,2.99695158858171,3.03461376432924
3.04532643060706,3.04060025467739,3.04086657545237
2.91762040133835,3.10849857656485,2.97964575157734
3.2812038510195,2.76897454963987,2.77471734722704
3.08589625837109,3.00547588774575,2.97751440261803
2.92723084838867,3.01041521198337,2.9508536326051
3.16241744140561,2.97029310106358,2.9599607344095
3.12505460577193,3.4148143140104,3.36833287680297
2.94580186860126,3.49276555810144,3.5725546785033
2.94649847220668,3.10638421752927,3.07739060352337
2.78151943492857,2.82557286157812,2.88825752088514
2.94989274925238,2.85890031447368,2.80778428297924
3.19154179534759,2.91606905840353,2.9169423101028
3.09288299723539,2.92736002412316,2.85085469291
3.54825388768345,3.3829448655624,3.48548675284489
3.17133007830514,3.50148998432551,3.58274127317186
2.9133477655356,2.8286703951116,2.75787579817841
2.83667378035831,3.19623217464373,3.22173335343988
2.8037743311163,2.82627987697802,2.71931395780619
2.86310560894755,2.66947637299691,2.57834869622203
3.05993547469321,2.70381708036695,2.76727412920661
3.06796706787722,2.88399324043713,2.93326556453443
2.91043319014944,2.65961132818364,2.72794416345411
2.96076819383254,2.81050589201754,2.8445650738431
3.11877481368601,3.06701707854379,3.14814360752652
3.15928782143352,2.8932557312652,2.93125584833039
3.14156045121316,2.96302009157423,2.94863529747299
2.99478258787712,3.4241419894598,3.35739626063188
2.94736339224982,3.27734442702738,3.2608632673324
3.15163340274915,2.67923908211236,2.67854778376034
3.21372145488073,3.09147697251886,3.13353170619971
2.96789204388597,3.29630846361617,3.24705614650717
2.87061615617166,2.87896369168636,2.83945733745459
3.15817457294248,3.14365505712684,3.1184040950843
2.8714933031198,3.18277436794155,3.1443832226761
3.07385232098674,3.17170198647054,3.16386026050297
3.03263213507806,3.10069738029192,3.02705861247707
3.31036977491226,3.23269876725294,3.27135575360949
2.90457469911369,2.94206535465821,2.8967016328177
3.09703557436106,2.97056607509176,3.00838914089815
3.10709282866744,3.05825043522386,3.04445815370827
3.46310954381601,3.42107178579068,3.48230562569199
2.60159666607148,2.76906282074993,2.70016264921866
3.42515896829574,3.15784446462257,3.22131984111457
2.97544764071943,2.72486097633456,2.69321235401676
2.92019336233848,2.91083425571881,2.96946940507718
2.76530438616384,2.89942014803168,2.83449438599781
2.90230339612723,2.77492823760047,2.75096146581267
3.09399466751183,3.52696903190282,3.53477520384387
3.16543490970782,2.91512921885848,2.93584963831217
3.02476307444969,2.88801082172857,2.88072810204533
2.92495817955489,2.89723798070851,2.88675362144069
3.00094716345373,3.00719218148036,2.96398016572818
3.1672011985929,3.01548609986624,2.97130287789128
3.47107460714312,3.49964439529691,3.55727806715142
3.10706875731182,2.92875052919709,2.91397028420824
2.90238506024277,2.93129588221955,2.96245900474802
3.08750998564642,3.64982885952166,3.67152942977785
3.24748924053349,2.96964174451169,3.02410614017023
2.99702114369434,2.81136563325092,2.80698583845572
2.94880803796654,2.78362329316981,2.80025566849062
2.87938320715685,3.37971628044009,3.36348264630388
3.13161305708499,3.06023538579601,3.01498988708026
3.32790958778528,3.19169923774554,3.21587315917968
3.26456054968642,3.47165715947535,3.46872678627649
2.92048368028084,2.76119717082299,2.75286199956014
3.09618328081421,3.23641726488361,3.25511049528478
2.731906515363,2.98413473707687,2.92416579919279
2.9459085551744,3.08779321499665,3.0864830113054
3.04133061279734,3.57456121617155,3.58962220988269
2.98053945424119,3.04809124733198,3.01709540510581
3.35613427543768,3.44463089750357,3.53156815665715
2.66772829941365,2.51628165920698,2.49356951500088
3.22831207424944,3.15167901380936,3.13160654122062
3.07095770364425,2.78727199147868,2.75030597941053
2.8531650480534,2.96207566968597,2.93420811432829
2.96071008845409,3.09041362016321,3.12266593944291
2.79870330239065,2.70800381867589,2.72669384968503
3.02153678867206,3.57567019690159,3.66139882073772
2.82704918191779,2.80253089626512,2.75295708552543
3.0046158216338,2.80156024965408,2.78529621131428
3.12002873023967,3.01834106649072,3.06189098447653
3.0255681852056,2.87281924064434,2.90931246364787
3.07287183665768,3.26600575707999,3.23530580072477
3.12108363002249,2.98216112428555,3.02092792044075
2.7122550292584,2.88928528710752,2.77005356636754
3.06227707411505,3.07701082197385,3.09133672113389
2.92467540541391,2.95795726834869,2.93443668474104
3.08286126072394,3.11640060594521,3.09922479718607
3.07650703440201,3.16692781198447,3.15126620813128
2.95166521977073,2.74809245379495,2.6980300501888
3.23940707391579,2.92109289971472,2.9656026624068
3.1802162757198,2.94091414107204,3.00178911950139
3.25781058786352,3.13236679369264,3.15861819639775
2.71747657416838,2.80309002825512,2.79660587329041
3.07582617751375,3.02657596708869,2.99671180810095
3.04926441863125,2.88775863921108,2.89037322180671
3.1257617707575,3.12360386281222,3.03322395094009
2.92278439413403,2.75434357639752,2.76492620981873
2.96353273118526,3.36566706104622,3.46592593617394
2.86866643007656,3.01326567196072,3.01045063352125
2.92966399394646,2.95218500768667,2.92679177553434
3.15871473921846,2.98482246838034,3.01081380408095
3.00368726796583,2.89380435139641,2.92127341130833
2.73824473683175,2.77206633990862,2.69939085214015
3.01091618115547,2.89280063668048,2.88837992113377
2.9615695437642,3.0457195462244,3.01854221013022
3.10013644245258,2.85931728943645,2.84318852979291
3.16650228364194,3.30567616473958,3.28477553072487
3.06508868444484,3.48368388732866,3.57216414225588
3.00154385920907,3.30718433607895,3.27077786027731
2.72612185437891,2.72575698513463,2.71562078805251
2.78339332203381,2.73591062909557,2.70493647990668
3.32992785357249,3.02315413401196,3.04207506894689
3.1776902098513,3.0600693648674,3.12313137846314
2.8330945222373,2.69432722027226,2.72199798977603
2.85441746293852,2.92514307448944,2.90759149932688
2.79885953532559,2.88642616207096,2.83174356584766
3.08170998093503,3.20333147240026,3.24901019288547
3.02270825706545,2.79961487014173,2.80010815448378
3.14327822621869,3.36923711278943,3.41124011817297
2.97773622781524,2.89280737636749,2.95914906585675
3.08188895493091,2.87591164194717,2.9051838782221
3.05652078217062,2.66103117532592,2.61916266093039
3.04487640695313,2.91042311580379,2.8947579610121
3.47199224282453,3.81461515901159,3.90885978955344
3.00132505914236,3.13768971831886,3.14835149503845
2.88827758697396,3.01729364177123,2.91109882880949
3.12017096452228,2.70439625414302,2.73084874741391
2.89779282463416,3.44867525853423,3.44855476913222
3.34019090311326,3.22802887669086,3.28800744149547
3.08234623982634,3.13658409779015,3.14919991624336
3.0805995598197,3.046752730318,3.04734965681862
2.9596767793455,2.86658688658164,2.82422288794484
3.00993836298529,3.04645617705489,2.96809323720267
2.86060451178766,2.852279564727,2.82183553295551
2.77634278778042,2.92484864999494,2.88216418652366
3.07043661382079,3.08474434032135,3.06437962645956
3.08638425803115,2.97343986104181,2.9601814238217
2.85800228255203,2.97533574032966,2.8723123436026
3.12884474226868,2.79709087134147,2.8395703231199
2.97078212225486,3.41516286182456,3.40479657607261
3.05916273235063,3.64995524801069,3.69866305198564
2.75811858782387,2.74201238566677,2.73710878783776
2.9948751616068,2.73777772284639,2.76707634392792
2.72162706893408,3.56442678352767,3.56485291502732
3.0778595816906,2.95509252713347,2.9327237838392
2.79104752358858,2.86480582429919,2.78533949951439
2.92340144941709,3.0198699367367,2.91009815181424
2.86731493684611,3.13000837749315,3.07072713849751
3.15184499324388,3.27347717229976,3.34422746746461
3.13204838140187,2.56797152687506,2.61093321529811
2.88227306693583,2.76890792192291,2.75475723679552
3.0967929863885,3.200343827801,3.19310789794868
2.90813119497564,2.77841512990217,2.72665573720317
2.88348695536616,2.96135978250499,2.91135661710974
3.02264205147997,3.91568667817642,4.05177129272369
2.92773047427825,3.01172572841382,2.96061235809665
2.97398354468101,2.62026324532991,2.65087161771664
2.99580142416388,3.12513909028496,3.11097475616571
2.9857833022284,2.89928815955277,2.88966548767884
3.00817351657213,3.40453536619586,3.40701801548849
2.94942516934647,2.85766832824883,2.79988989307686
3.30694915896757,3.40286209592874,3.45969520860138
2.81435746203796,2.85209702001735,2.84408371323378
3.41831104964467,3.29207390583191,3.27523011539552
3.31434689565927,3.30739208895815,3.33161304851407
2.96728180065792,3.16346514437614,3.19421475173551
2.93738633395042,3.02021268080865,2.97535448447766
2.61503314528979,2.59937636451807,2.54828638596979
2.94917057660536,3.08382932895216,3.06527327776041
2.91125926379882,2.75727325168288,2.72877332952824
3.19160833787214,2.84882634567039,2.90421339916276
3.23049334555205,3.10593643335291,3.12380855076571
2.87187462028083,3.10248771879497,3.12876298097356
2.8509818322665,3.02173025437679,3.04414614293801
3.14783143165707,3.46788411672828,3.59231175626105
2.76163985294666,2.51850125462808,2.48569991583636
2.84501380550828,3.3260382570301,3.26577126337189
2.72818791987189,2.92968160206281,2.86218453059842
3.06463876086761,3.07237717637775,3.08396876645209
2.85941610280523,2.70947210679332,2.65527737522506
3.13536188185386,2.99275927744853,2.98319999066209
3.04292879444862,2.83154579110953,2.90865389685714
3.12918493132396,3.21264695433256,3.19932612415917
3.10695313949348,2.77698809059023,2.78190039652518
3.0977222495081,2.96999971530799,2.94386431324572
3.00483253319825,2.97945759241755,2.99750804875075
2.93645370332855,2.93263539331703,2.89124062701461
3.01369083167233,2.75895416654947,2.77939676120007
2.85130311430546,2.88768865014404,2.91724861149968
3.06251006958515,2.98554350916177,2.99516156764002
2.93293175954583,3.1396154270569,3.11827035485075
3.12941695594849,3.00761109344846,2.93399206479881
2.92741002311091,2.76066597315182,2.7956843187385
3.15089055515805,3.38057224013127,3.36552825883429
3.35697815976914,2.98769997099469,2.98661531139743
2.94695825010469,2.95184979097772,3.00389332439615
2.80465164569459,3.2070140735912,3.09828877520655
2.86916704590361,3.05433313311802,2.96485108452065
3.4241198419804,2.96601053522543,2.99515198177721
2.84852883440425,2.92222833546318,2.93220427539917
3.04542770491905,3.46644551841474,3.38737043296184
3.08151914008863,3.01709363947285,3.06490512951097
3.06078014849698,2.66883682494214,2.73613984557739
3.08206393517611,3.20541044254721,3.18913508186532
3.19306473472292,3.12443053197455,3.07320034876921
3.08697159453848,2.70336520208736,2.75507590301661
3.04190575468616,3.11368836567522,3.1499562506071
2.78561385496942,2.83450656003808,2.78151971697459
2.94089264050831,3.08679302814591,3.0380433058559
2.82399836514845,2.72092763499118,2.6867859652176
3.24756154528944,3.0607276556577,3.0999599251652
3.25806275242847,3.02277363398757,3.02601549560474
2.95052945599041,2.48176733153618,2.50096362731313
3.40928851682511,2.85605366330546,2.92085323907216
2.99919391849388,2.83291982148668,2.82692880530765
3.16881583949254,3.65942132550102,3.79354589486764
2.92295723254622,2.96096594917039,2.94924071203205
3.49728068071184,3.30042149867475,3.40293702997653
3.15395456808402,2.96362190843228,2.96298295887319
3.05134646705069,2.95068995317787,2.99432701360387
3.04949395955625,3.02196870947381,2.95770853880396
3.28209540014531,2.91374764015842,2.9834087191596
3.04482997290256,2.91246013604586,2.85977565868106
2.75577837654877,3.19459569583867,3.15865687903319
3.16574097868504,3.01291200130323,3.02265901191723
2.89972825683609,2.92600947611643,2.86758029331919
2.80787539361886,2.55247741563869,2.56721375807368
2.88613928665887,3.12822842140602,3.17562415732253
2.85606176920303,2.92867883564638,2.958921261253
2.76125074358695,2.74851883023775,2.74046598917727
3.16130121228764,3.03279184405446,3.00373160804335
2.96125130390174,3.24975322401276,3.20921356053038
3.28809124467504,3.09601361349123,3.11853362748876
2.84027209317511,2.88921710498495,2.88951099986173
2.92420525841558,2.67197563283994,2.72303919963903
2.78240754589924,2.80292976544849,2.69034060266804
2.66012731600803,2.66476126686806,2.61385368241499
2.92828808658506,3.09839497860402,3.00634827757953
2.94885024086915,2.95005697253856,2.95717201137769
3.24489752274684,3.11406939385152,3.16062376196746
3.14062038637938,2.98280737786457,3.02069694030134
3.00158857730937,2.95477974956363,2.91677408391034
2.95810691103359,2.59849716747818,2.58226015883481
2.71446556372606,2.83625446889763,2.7787594776529
3.06663421172918,3.02695579375258,3.01190357858668
2.91871344820861,2.98004130014579,2.91480763606319
3.05265601572061,3.62218642811769,3.73158239433681
2.70849115680959,3.1238041952031,3.08612484455787
2.90090499322785,2.94199448398091,2.90189086502182
2.90050104406604,3.11584871168546,3.10518546710445
3.09287447011399,2.58032320878548,2.65637943561589
3.02038970214427,3.23286927573693,3.2310385631456
3.05436573005994,3.0082154291007,2.93987323961195
2.86499439015284,2.67707557725586,2.57923786601388
2.93792477960616,3.48327543275128,3.59588613909976
2.82635269288751,3.40355358963768,3.39765816882296
2.92380234283522,2.94429614602555,2.91301081305022
3.00513446782284,2.81986915506949,2.78100463302188
2.84830955783472,2.66413324966577,2.73671508360521
2.95392275866028,2.92864900030986,2.93957973637384
2.81557720306074,2.85823833472095,2.77815134016648
2.85827396281759,3.26041768336514,3.21652237461667
3.19675524213025,3.153796716676,3.16602030589685
2.88351549453163,2.7405049928281,2.70411918651917
2.89375544887834,2.90802609906077,2.97059616185621
2.85376593034351,2.91951629522815,2.86481792802473
2.86440656038808,2.51689718645268,2.53113453228834
3.06758483403017,2.69477354749175,2.71638911430553
3.04645788040429,3.13329757347526,3.07279190080064
3.16301035810302,3.71752927083316,3.79957167532557
3.02948358526998,2.84388315642283,2.90516359348432
2.92348693047125,3.11770661911985,3.13927276329783
2.9572633409016,2.723914624415,2.68116893134909
2.92372246185867,2.69377808520212,2.72935200367397
2.84403183554774,2.68253988014864,2.69280928247913
3.0829136612858,2.99566965769448,2.95572258876919
2.84669478181644,3.77095278182296,3.86600296373762
3.12379250682091,3.00233599195759,3.01194060717873
2.90411847640373,2.86770999391281,2.84958847576739
3.0139134948377,2.99632961427201,2.99555685479539
2.79198066355905,2.93409796467809,2.81282033784239
3.3530019033917,2.61851628574805,2.6637750390516
2.60083288174016,2.74978035714609,2.64048473918367
2.87183337973619,2.95944460235651,2.95125029240048
2.74322617759877,3.42564568992734,3.46374559416144
3.06573352733451,3.10162760833903,3.12471016171543
2.95765671753913,3.19273899212511,3.16904070953044
3.17575256469458,3.11766917423531,3.18251054715549
3.01685845571066,2.85613509233114,2.8373822019406
3.06129795309455,2.93762650692534,3.02846349993217
2.69514097256089,3.10008143321719,3.07346450176406
3.01949854923162,2.73684870041305,2.79139042482969
2.86370778747123,3.18078262129352,3.09883422682915
3.33929112929083,2.90972684729766,2.98505769256322
3.03581330784386,3.1878494156512,3.14725783712956
2.95609354170822,2.83501615556455,2.89976211509816
2.78489399042144,2.8147633576297,2.72824704944441
2.82148836337311,3.09452982765855,3.07915530769161
3.39806205975711,3.00576466232719,3.09711011193829
2.88740905527714,2.92397295239568,2.8648614853925
3.05457166274278,3.01513366509046,3.03924266016369
2.91657350411196,2.93929625708618,2.90139178087249
3.15849558073553,2.72345400787878,2.79068289740571
3.04779746181667,2.76729043618449,2.76415400653847
2.99817392122608,2.8883775077756,2.87499244646253
3.08735918451625,3.0329548747733,3.05584625434469
2.98379888746857,3.04857777537016,3.14552690929424
3.14875399421591,3.30338118876528,3.3290950894269
2.71258352670836,2.97170010066527,2.86953414571031
2.92736925612688,3.10539103224273,3.14548395962462
3.04228810621612,2.84760319161463,2.85826358011125
2.90032302118068,2.63454134737423,2.66065002208073
3.18949970846385,3.28847332417388,3.32784477891321
2.86695366100076,3.20066814291795,3.04025301466006
2.90614415150016,3.6868475820059,3.79550411325633
2.85705003982842,2.5877491556669,2.56853300597896
3.02221446570861,2.9884341264597,3.02865869895895
3.05734490806052,2.95315115675415,2.93116539210323
2.66330227204165,3.1659541155685,3.08519005002861
2.83076313522273,2.74075807317071,2.68352175910294
2.80224564755625,2.78687742522093,2.77095541924378
2.91250718321235,3.50301943643641,3.46890064678386
2.88610238525958,2.81118646351918,2.78330858245784
3.11742431490558,3.04660080917191,3.06025211627024
3.07489567991261,2.97950940060604,2.98216805915843
3.06712564552092,2.97005974789384,3.00203267491411
3.05290676685706,2.74987556663591,2.81653152033894
3.05698389340414,3.27645817609137,3.38473058103128
3.10634199101207,3.06312930822689,3.06478325610164
3.22039410135028,2.99116776321409,3.03026238692106
2.9394068496326,2.87650861917457,2.91339618218142
2.98856601467511,3.06603684279721,3.1057442630836
2.97344153272279,2.94853720819235,2.83673293095911
2.81805800205383,2.48730306215251,2.51990935825439
3.12152928570589,3.07504159144723,3.19401229731104
2.87090448494253,2.70114804217661,2.72256655215644
3.09261095568142,2.74921681411285,2.7815543957628
3.01318242872028,3.64397415974125,3.57049046950329
3.1670895921689,3.07395087565025,3.0781328563206
3.06716258260465,3.05169380645275,3.07845094610167
2.98473363664577,2.93005550080807,2.899998589277
2.97382898543438,2.89339220393188,2.8671509880071
2.77589052905045,2.99291015925616,2.93936465777711
3.11414892507331,2.81307492045164,2.79034950359937
2.80078792119257,2.96413811753695,2.93851152331351
2.90540000285656,2.85491558588163,2.85112690162235
3.16907044471389,3.29518565048875,3.36380400840768
3.34684152177937,3.48018570169076,3.50072496324987
2.97772596771538,2.91433398035496,2.8559321084164
2.91691002814448,3.15754570260766,3.14491280276901
3.18709156371004,2.96375037425507,2.97255061100744
3.23745088701147,3.05855300415745,3.0625089055055
2.83190482502176,3.00861593818948,2.99036923684687
3.03936082167796,3.12325809251214,3.03799294170115
3.22528560793954,2.88866832990791,3.03369580531544
3.06389603915892,2.8341924421526,2.83133740208594
2.7349451762751,2.6717302445601,2.59186585255254
2.86758547566294,2.8080130370105,2.74470069717226
2.85729998196436,3.1271608135626,3.10792803943011
3.18058884459619,3.5657603777308,3.54142620682522
2.86215276805942,3.10792317638538,3.10417782815507
3.18584670593964,3.04203288454083,3.06349920282264
2.73791715870649,3.00112734478265,2.96580990169681
3.26401172202479,3.12839286559456,3.09664108745738
3.12615587250129,3.46710540024067,3.54474076122251
3.03379408132138,2.72247912154368,2.70072121117897
3.23596531039607,4.1572695208766,4.23069034184628
2.87016486302875,2.85793743378479,2.82124646142666
3.06629352613202,3.22816298751795,3.19464908575617
3.02776013269886,2.89414963870447,2.88736292264558
2.92678211391788,2.88950262994806,2.88204920109313
3.361828933894,3.15022273212169,3.14050101031701
2.96142530671608,3.06299786330894,3.0928289899947
2.92700504788742,2.99618298570538,2.9258988038786
3.49637862387425,3.30588055199624,3.43961980126223
3.10118887327192,3.13826795352685,3.13031506519551
2.99736854895915,2.84736638477419,2.81404382987179
3.09454722457162,3.14987880516624,3.14053425267645
2.94024382341207,3.10630293739444,3.03280240703128
3.6340064237056,4.1243150729698,4.37385241645675
3.02174269345425,4.03255345612366,4.12743617679263
3.13279018902137,2.91748413500836,2.96764412262459
2.74541046776708,2.8601237547969,2.81899519913498
3.09618478516065,2.60379106510967,2.59547339172932
3.51928241036135,3.18985332675667,3.24503142975941
3.198326720489,2.85067086145209,2.86748914628601
2.98830579956687,2.89213556964346,2.91530921320657
3.25589840059428,2.96428235738509,2.98424684688163
3.04130138737255,3.16380835188556,3.23206975239674
3.15482054367822,2.71740209174598,2.74291316481452
3.1229200342053,2.54582275716718,2.62743103228534
2.85751588260754,2.92058219773179,2.86726127379782
3.52715341515323,3.13440089837616,3.21227519086622
3.11005222298048,3.27992921391822,3.28437216441458
2.70608575544235,2.85082817611448,2.84319564143958
3.04994915541012,2.88788165717504,2.85457230051763
3.04465987528697,2.83836964950119,2.88820583918633
2.94212342351923,3.20265898597909,3.20520962732135
3.02575856722948,3.10244138196829,3.088473594639
3.11416252736584,2.76163455249923,2.72811563164053
2.90011277037118,2.86082677747817,2.84481151566095
2.82458477249315,3.21808147191214,3.15137532196173
3.06927066481748,3.19093053893252,3.13408053062399
3.08385112924904,3.10473375320686,3.14209822623789
2.90860210976543,3.25985752790885,3.16916708343834
3.05604066651086,2.98507220501692,2.99884396049827
2.95953208780277,2.85187493458602,2.82890357452936
3.04376577625585,2.90278501892739,2.9485837555792
2.85657199061591,2.79082790900855,2.85025613299999
2.99091607286951,2.91714799869742,2.95106360403499
3.00993568477179,2.78867454789732,2.8216208063464
2.96041754019107,2.82126580847511,2.82896633331518
2.90831528388149,3.07611991193731,3.06100806122139
2.95360696188844,2.80358510586803,2.80229528882531
3.36014953486962,3.0982231668392,3.08327735849837
3.08045141114583,3.03596907204093,3.03226991949771
2.82078539390692,3.04443413188615,3.02395331435384
2.79577119874527,2.62438624570492,2.67774699004659
3.17718943487326,3.01040123598033,3.00309960698639
3.04172890478631,3.05756372148132,3.02895261307661
2.97868602578183,2.73992441393744,2.78336504566704
3.02612006263821,3.03025681305881,2.99820693254594
2.86820296603138,2.99311400953604,2.95459945720127
2.91571078424851,2.78552232502538,2.768953271986
3.08650282453378,3.14765376699124,3.12457835961766
3.05512835001654,3.26026682824326,3.22944264142678
2.90679836863287,3.47950425791672,3.41726065590558
2.88181061024937,2.77299426479413,2.76587025300314
2.89086820822127,2.77781738612161,2.74270915609542
3.13859177494565,3.06749721261527,3.13380297314492
2.88212495757312,2.93014473377859,2.91872248754416
2.69588797677299,3.52590560817806,3.58183732884227
2.85053685334163,3.56294284929457,3.59172033345835
3.05032319483572,3.01951431301312,3.0300771407788
2.69006791214853,3.05310920672042,2.96687851169672
3.01475066770452,2.66637546001687,2.66432341909154
3.01923246658638,2.93091315608275,2.87569646856788
3.09918443280466,2.68497931254445,2.84960198395958
3.2035766350465,3.00712462031682,2.98795825374541
2.82917141161219,2.8705912031088,2.78576955927728
3.22917249519991,3.50589386034573,3.59713807800913
2.97262027449204,2.80250164998901,2.79758589108111
3.02405429909869,3.18040874759899,3.2004463494651
2.99761617940079,2.85261978464269,2.82768427404462
3.55062657637922,3.36638748194998,3.44090405589597
3.17145162262302,2.89780506716004,2.94717222051115
2.95947662519284,2.85286590626924,2.82004146887975
3.22239832302288,3.26015445710247,3.2543034333606
3.19417697440892,2.85613222360244,2.89424053904172
2.78934151337845,3.01295467258325,2.96758993224403
3.36093714182323,2.78845620874361,2.82597239359969
2.85140427569627,3.42233616845968,3.47879520541835
3.16729193217978,3.08229240971645,3.09530263028462
3.13093594100844,3.01210786784176,3.04151820943529
3.06493678064967,2.91651490549545,2.87619576906815
3.13385441305037,3.02616613932794,3.06121938052511
2.95420771549269,2.81506298456168,2.78274686271469
2.95631910539791,2.86552669182183,2.80826265003038
2.89641985726999,2.7883842933921,2.78492626163002
3.14550784547917,2.93023884792545,2.94147558344744
3.04483590209427,2.9223473439824,2.91153594287968
2.98337645876363,2.92182179618679,2.88022352265296
2.88109816867373,2.80239671466736,2.79940649025382
2.84117177808929,3.15423092372864,3.17087321757863
3.07552550800692,3.18455176938043,3.10115156468175
2.86623577699242,3.21857604803753,3.14195245694394
3.38088442555187,3.22588818083594,3.24727602266934
3.25266817915523,3.14252401911813,3.17686767687379
3.30989380829994,3.01463011276554,3.09110234447256
2.95144114355014,2.98869969476794,2.93334879793916
3.04105795999822,3.20855647056926,3.17433465339595
2.90109861338524,3.43085667729988,3.56058360776311
2.94102400654738,3.06890029648498,3.05148059471134
2.71072503716237,2.84574298546853,2.7889689382873
2.9023395610642,3.18820266245564,3.22551195096229
3.1074162467795,3.17589645711258,3.20720194362023
2.88085612054457,3.12035241950147,3.00431423816441
3.11784645371581,3.00710243133533,2.9702253768777
2.89105395432589,2.99587644326447,2.92502208608193
2.98017838152112,2.67452518165906,2.67164054334508
3.00360993172955,3.05698239756869,3.08331006772771
3.15309373712882,2.93607998191286,2.96561517763516
2.80936449393395,3.2669066623811,3.16961604434401
3.13207045863989,2.99071397985783,3.02716557489886
3.40890255493357,3.14724678861565,3.17703521817129
3.29916721532274,2.97934345525543,3.05944967165958
3.12654823563154,3.07465132304042,3.0514347536688
2.64173779268494,2.69955423957446,2.61654204206164
3.04541363334456,2.78537549986966,2.78137277870449
3.05976599994362,3.03712860463162,2.97858560897403
2.78214888267663,2.97550400078734,2.92282657161645
3.08102913075376,2.89691452881247,2.96349398346511
2.90525154651613,2.83796030723555,2.83407537438921
3.10738322658507,3.17936312452408,3.20124135078755
3.44786362627494,3.50989424570423,3.57916647466115
2.95682771152246,2.81063689795853,2.81833550994293
2.72495354122219,2.7593512823205,2.71110808377385
2.96825123605399,2.94453612438708,2.8744436348374
2.89355451742108,2.69032568523119,2.71829591756043
3.17035953693175,3.22327610679538,3.25918433646481
2.93130950536378,3.59530668250893,3.59594585934523
2.90852323240093,3.44455113577084,3.46581597148155
3.14005805594741,2.85108236562094,2.78502521776723
2.89356307194413,2.78207151534137,2.70872260658664
3.14008021662153,3.22116942594603,3.19060890079695
3.07262018424794,2.85477927238809,2.784122035157
3.04536236015527,2.86989204775419,2.88258635289328
2.95728920511631,2.93784035157342,2.89589866932855
2.95527618729337,2.9603198918283,2.99521795553371
3.0272246997807,2.80544952920157,2.85607360969886
3.00793733455992,3.11527830697338,3.12833713126821
3.03112373815942,3.17133538415659,3.14871904506603
3.25076200667478,3.06821181234468,3.01585942250064
3.24346403131003,3.01612369972133,3.03488312370828
3.29982181900833,3.13421566705749,3.18185026988949
2.97896360738977,3.01527518117047,3.02673357702927
2.83889493153736,2.97401855615405,2.96825679772893
2.84711307162598,2.94738917717717,2.92791208440871
3.07946258392603,3.00919469008195,2.96757988288607
2.99836854678105,2.92738856527256,2.90349200870405
3.01510583229652,2.92577127203105,2.91315899772248
3.44820271204806,2.95953219016846,3.02002479697676
3.10872251917474,3.00565866192926,3.04285375445379
3.49209165410236,3.57982130126141,3.6948473295604
2.97227825693393,2.70509434358089,2.61211709007523
3.05897010711404,3.35016648836955,3.35919769517225
2.98061625531278,2.83519561352548,2.7656467136549
2.93819833295296,3.03213368859157,3.06192280700716
3.13974427700956,2.89505753692823,2.90222585641293
3.05726112029459,2.8956420938828,2.92610178686646
2.86021012452202,3.18239122669491,3.19166888411635
2.98327676080254,3.08928382070469,3.02574720140185
3.08922452619997,3.02129576095609,3.08132481650357
3.41940247423003,3.11549751024244,3.14442069917763
3.29386255791819,3.2379338497974,3.30426635339477
2.91817986345771,2.78494184638767,2.73414791131494
2.94927351768258,3.38881946363203,3.32625782291944
3.09966566862139,2.67959766197229,2.72644999202815
2.59942359615843,2.78213816295585,2.68048596517472
3.42119775136746,3.33022031740626,3.39569059811673
3.07255059509979,3.11981234387668,3.12918151020686
3.2939969471928,3.03683867771276,2.99619338287199
3.06427278727072,3.14072292142995,3.16191401725904
2.92859939612377,2.89921428252884,2.92587831220379
2.74087274323446,2.76055015988786,2.74967214179979
3.08513151591028,2.79103136949544,2.76220287227018
2.93683803305111,2.64643555597795,2.58052671370192
3.11044151081623,2.82691805382571,2.85682829774909
2.95531242829221,2.8482155042986,2.76609774753248
2.85978486685993,2.9112131332931,2.83486316799474
3.08610609869794,2.99466488372884,3.06382189144946
3.1160976091208,3.08504097041936,3.06300500688868
3.2041052081756,3.17306317883896,3.17681392258817
2.97849925464397,3.5216856128175,3.61968668396259
3.11555004905444,3.02099237699056,3.04650462206876
2.97605278055884,3.25874317961132,3.26117589665147
3.02418787023,3.06878946400533,3.02289256591896
2.97167957738296,3.02206742547054,2.98526090151725
3.26093853272077,2.84532756945333,2.9394163059254
3.43884109757889,3.35139368850967,3.37506769287507
2.99257917741126,3.13607103931695,3.08380335452926
3.14565405823397,3.17310074676811,3.19021155478327
2.99109376798706,2.89599280336064,2.90144794347798
3.09915619685087,2.80860128042297,2.87516121263973
3.00627445861109,2.90816513950941,3.00450660054044
3.07356410280419,3.00462771584583,3.0463999854323
2.8863870150857,2.89264945698325,2.88852167318839
2.99897147802949,2.76334928516752,2.78361667669706
2.87417726412775,3.20563078565681,3.27280865837684
2.98392391276791,3.18585542989954,3.19635796862974
2.82560821339426,2.82050024013489,2.78590509739672
2.88089227798916,2.90410427716851,2.85945028718459
3.22087998989047,3.13304594776184,3.14820402677851
3.01385614911886,2.80722935609965,2.77434985014853
2.89280086302619,2.80671045519353,2.7279044928085
3.00176552727102,3.00271928071065,3.04479454267433
2.96058625067037,2.70888097929251,2.68971612170201
3.14031850652381,2.76133531407508,2.75003043131954
2.79133992216162,2.71303789870949,2.70054551771196
3.10866977717416,3.21517803214608,3.25176672936982
2.93371507198505,3.6995921287786,3.79722218310015
2.91698235777244,2.97270527170847,3.00114028236486
3.23954230368961,3.03562422299192,3.04967495502932
2.93560806866368,2.9081893464264,2.80345897670832
3.18318766858293,3.05602661672831,3.03280813040694
3.13440024283168,3.11414172371742,3.09420520806049
3.16871269916008,3.03228067930431,3.02341686295036
2.80442464032461,2.69075959350258,2.61774220767569
3.11276525318681,3.00286742430633,3.0100054368
2.9101355612138,2.87247535433289,2.80585512150504
2.97886921110465,3.05290425491712,3.03472349202999
3.21924570824014,2.93799126171277,2.96119191956338
2.98376087841705,2.87501514493786,2.82754600521239
3.00704412195307,2.85733687586682,2.81244351342134
2.99397050531211,2.9500761463898,2.94662720110584
2.75693344523984,2.73749865706807,2.6486304389651
2.95420327126457,3.15612296371797,3.16650787678719
2.94970439883544,2.8543611324088,2.84196762847018
3.08723797832801,3.32387922685093,3.31449267537814
3.37446141656803,3.28890606901515,3.27266945586906
2.9221992816063,3.07791415995634,3.00991149543761
2.88871899298215,2.98882389411381,2.84271049105213
3.11840426380209,3.43928978685528,3.34019426862387
3.04980147109004,2.83447443588878,2.88367533650734
2.81463911662758,2.82579188168882,2.71891060241828
2.90179761760848,2.77408468550171,2.80550581902051
3.25605315002467,2.86902608495471,2.81082327168361
2.91569773561831,3.53766329986743,3.63918596000331
3.1989845149617,3.04567853484233,3.10411039635246
2.72213304271197,3.06877641840419,3.02619254508827
2.93466189005585,3.14439187963754,3.02488864399612
2.98490107324697,2.7428193760749,2.72945496367256
2.85345607144956,2.96860441792276,2.9002672582331
2.71312715003579,2.73740231219188,2.6849273262022
2.9689934222049,2.85392178701039,2.76838549082866
3.17393234719098,2.73419502090189,2.78579072749228
3.28351177793749,2.93812463199967,2.99531943983967
2.94199294468067,3.02017904923851,2.93394658714178
2.92485471156024,2.88663473111396,2.83943987868533
3.66001624365244,3.01793601191397,3.09960865644457
2.9899730162926,2.91968496894696,2.89791848797439
3.00631963546257,2.84649996035735,2.83896142182363
3.05025153222421,3.17817654299766,3.17909085131623
2.85409777075252,2.89340169621071,2.80203475475122
3.01790560469561,2.61527554123307,2.60828566408425
3.14649091811888,2.71451593313484,2.74948853131621
2.94253199491318,3.51724865279483,3.65929561212811
3.20044739496449,3.26260334124639,3.29503766625718
3.22837722996764,3.14765544941827,3.20544946244587
3.15156634418448,2.95890571711212,2.97263880406291
2.90292439718432,2.9099332185719,2.86986191211983
2.82129954120203,2.8701921071812,2.83084745805638
3.0431701774905,2.94511020530783,2.93393851463453
3.23189725811004,2.88712692462927,2.93046880743012
2.84182869112194,2.94079083938216,2.88225503590251
3.06530476340859,3.48472024690551,3.45995389510981
3.26741249481752,3.06981051516858,3.0542089086296
2.94493891866916,3.01830666298636,3.00668528924717
3.23096778535511,2.93938783842806,2.9930837178347
3.16323658402564,2.94989815488116,3.00053502129203
2.52075322926246,2.52504005690019,2.48693005269599
3.08868796410447,2.78997314660227,2.81072868621974
2.94905404557786,2.75573155069232,2.77651413857208
3.19031277327036,3.22216101410974,3.29563780355224
3.02364132579297,2.74444291892588,2.73464944577988
3.24168435723063,3.1219828296735,3.18111892024528
2.58643997290775,2.406512477238,2.37452477247996
3.14511369226258,3.07512769563476,3.07954481877463
3.17502993443302,3.16961624955851,3.12173590589615
2.97537999876853,2.92349711790396,2.94594138609831
2.99767922197285,2.82156370788422,2.8440609258085
2.69368983268815,2.80751435643379,2.70647555854565
3.03246418068426,2.88767780021251,2.91564211218006
3.17636186166496,3.00415468138022,3.07013711995088
3.17635347852349,3.10394609869827,3.14302003882849
3.04878922599443,3.16268991224399,3.2061382616062
2.90119663223999,2.79702793052177,2.78368424472977
3.14827241602347,2.91626255120031,2.93961781523704
2.83894955599319,3.00971732892461,2.89278169555587
3.2662125796171,3.09686976657988,3.17241349500275
2.9558637242598,2.92130633057197,2.91037897439767
2.8025160249618,2.9098200626668,2.88676662105348
3.00486893731639,3.06680049881813,3.01148412484912
2.85907864530061,2.98718337339964,2.99610747264856
3.08160732372888,2.96222476645592,3.03598866497352
2.71103483353804,2.63020540234877,2.64526859635119
3.43241281423066,3.03624488482322,3.08210418782344
3.03070712201273,3.19249313546139,3.19490154648591
2.97657762791646,2.95349987250828,2.96034493164872
3.11244182885918,3.05865701433545,3.0867377049884
3.37229273032008,3.1795094580546,3.20911397640456
3.13270928844843,3.01691730374768,3.02671860849977
2.82328630941736,2.96476437153137,2.89419865732503
3.01239168201802,3.09216698941435,3.11117550899534
2.94884826306075,2.92698475154292,2.93607844987732
3.07635007582902,3.02939450923924,3.03286421068863
3.31180148183121,2.94952424523816,3.04460762998523
2.83562780458169,2.74008965882068,2.75251506816316
3.06031824936094,2.88701936216256,2.86775628629553
2.96917889464366,2.96958191701898,2.98509825669048
2.98643727936932,3.0635880132246,3.04460352693558
3.03051003517341,2.62978012529806,2.62395970548966
3.05498049328411,2.70764452380486,2.72619240042013
2.82354677615784,2.88221815032344,2.90613637607714
3.03403450631447,3.10365136679393,3.09252023215825
2.88013810428205,3.1262950479081,3.16307722407112
2.78241249123683,2.71015120822451,2.65995897927488
2.95011412008437,2.89379667634189,2.93206449584305
2.98776271676809,3.01425163317232,3.06098818095737
2.84155927120158,2.75919331104205,2.77355021742915
3.11499899542331,3.15834582019905,3.14866059056432
3.26178898106179,2.9398115681463,3.03992318962541
2.89814355321004,3.05783962598638,3.04442246199384
2.95679329780887,2.847007020386,2.85823284089772
3.1716134147041,2.89782245197547,2.90286099614549
3.11765417102127,3.74549015088275,3.83308300755699
3.26086360226687,3.23028802284411,3.32537370712597
3.07300088104994,2.67859643529785,2.68335048825756
2.97862542616466,2.79296382219303,2.80110734531194
2.79366382314181,2.72509486913727,2.6837287213759
3.04803413001891,3.07358741402842,3.12648888654158
3.22946474582149,3.09739513881749,3.11675544258962
2.69911947405931,2.67875363942533,2.6483610860303
3.11851423131317,3.18110030314188,3.16663097585479
3.07891405446798,2.8299498250373,2.78920236391021
2.9255103337117,2.75905069866048,2.76367646455999
3.24717575586428,2.8879931425855,2.97261035828049
3.16213873568797,2.99448980952103,2.96451960541087
3.07841770440092,3.02747603964302,2.97232624186776
2.82417542467813,2.88336994811414,2.91684410917434
3.12306666490842,3.01943190783616,3.05545159805379
3.11247353696425,3.02662755499575,2.96248779660707
3.28684908173954,3.59491468515538,3.66860840659907
3.1908846281143,3.06094623126623,3.10522437975725
2.84245801590287,3.24244765350915,3.18413079821291
2.87982725852948,2.77226500593258,2.74362161959947
2.94805917377966,3.1172581168197,3.12927157852767
3.1676596282675,3.0980016366947,3.10893511184544
3.15165900384576,2.98227037446703,2.98531966891037
2.89560803669665,3.11153399442514,3.13173524654292
2.79848995432622,2.57872335293478,2.48108593693324
2.8466135696531,2.70416190146888,2.65834888701672
3.02810250351126,3.17080201919737,3.19073878530388
3.11905927153041,3.2286451853743,3.21263903921107
3.24375534819402,3.01049257055109,3.0298233735131
2.82816430043818,3.12448917820668,3.18276537571608
2.96636202355384,2.8484480696694,2.84799194631746
2.80698834622347,2.80337145319013,2.85306448182841
2.84231050873016,2.687234467642,2.70317503655337
3.20455118553955,3.16529395499083,3.18492278157956
3.16979652630131,2.89688976049651,2.90257518111079
3.1740123540314,2.94403168785876,2.97632171611937
2.73831585013784,2.78524829425723,2.76392725019784
3.12406978020955,2.7781446065432,2.82095790177761
3.1059785133348,3.74823254827099,3.88576044433553
3.00171182842087,3.1112582347088,3.11800301789766
3.20230044279602,3.22279782740806,3.2443337584871
3.16500345339611,3.03494518167386,3.03349485321123
3.04706471734876,3.33005079342611,3.32912551368467
2.84751644772474,2.94860051405301,2.91293355729622
3.09791033192817,3.1925063921699,3.21549574930843
3.1965593449809,2.84685401356382,2.8841991291747
3.19847634835872,3.17065370852871,3.11850426104609
3.0633588800561,3.00808275570715,3.04365200346477
3.00119076823454,2.91276511676544,2.85998076104543
2.85919313045238,2.74335430461803,2.67223529913377
2.74729562274958,3.09257027305142,3.03639332263945
3.0306513428525,2.92979735739717,2.94353854742284
3.1642141520016,3.35205806168516,3.36929295860309
2.89267985518937,3.15138824535794,3.05365099651025
3.08203569876269,2.84958013058077,2.84087814484423
2.66878321486524,2.88942654716025,2.87714182389707
3.00764485213939,2.75305322565707,2.76364323524575
2.96934303071517,2.76759794899888,2.78357105568679
3.04542652537706,2.89685723992012,2.83009515590272
2.85182751421583,3.0328712254452,2.99422087664739
3.12847817751473,3.29927672811921,3.37126112816745
2.81277474160504,2.78730067372893,2.77928688265928
2.76033297140281,3.16302586082846,3.10690180697647
2.95612702074452,2.9347361026126,2.83716437036487
2.87674677213519,3.27534840633578,3.20297686221171
3.24631805103159,3.10999660774005,3.13525848540801
2.76210545730047,2.83727025989673,2.82904409734203
2.89305580010206,3.10824174307254,3.01554691701378
3.18182982523529,2.7520200702411,2.69025942992734
2.94304919344432,2.93667756360797,3.03901890688447
3.03595897730311,2.98499225861938,3.00895514787609
3.13030152186624,2.92765667634802,2.92796078721435
3.29734948324767,3.02107864718873,3.08034269214295
2.93485459308734,2.83081031115125,2.80853607465145
3.0136481126633,2.86790283493481,2.87042981617608
2.81950003421862,3.12296132519357,3.0808491554346
2.62283788931617,3.43448610743593,3.42492119492858
3.30552184787855,3.35894688279533,3.33170771515037
3.10014310272454,2.95421020609516,2.92824014114955
2.89600925183896,2.9451691695828,2.96194594610575
3.17345942288852,2.77732296442668,2.80280328797916
2.6236805142246,2.78881774824118,2.73306670435538
3.15824513447551,3.14681768933799,3.21072911750426
3.00441673692178,2.80340465631311,2.83443555802123
3.04819344315094,2.97720104376126,3.05065613109304
3.00448001761553,3.04719421493578,3.05402451945562
3.16279839804079,3.32356617872234,3.37334958379438
2.94977318229233,3.44897176864713,3.44106879049019
2.64442427531691,2.91459189747568,2.8437894545585
3.2475403752248,3.37174499661027,3.3934937338723
2.62463981704447,2.88338647151061,2.77631853287907
2.94831888932298,3.29300060674981,3.27923108328994
3.263081980189,3.00472660203713,3.06691297635731
3.06658357038665,2.99335874328458,2.96022732370696
2.85780123740057,2.68675963239115,2.60985855732776
2.81565318481365,2.73825468442396,2.63272145206682
2.65569672592724,2.67717575596597,2.65082825847745
2.99574057198876,2.82340538574017,2.80529169196094
2.7739059266284,2.94147581447056,2.91861535723779
3.20823181980453,3.03506291407381,3.07039895506275
3.25420572767893,3.35370350533583,3.33210061846466
2.82251290651753,3.01403334730356,3.03765516079765
3.09700424895013,3.087439009338,3.0502926933853
